9.999834367443406480e-01
9.999852361783745369e-01
9.999795000382010191e-01
9.999798398176985570e-01
9.999850236804113113e-01
9.999840126721831757e-01
9.999890973475714651e-01
9.999925328613088471e-01
9.999856318691612289e-01
9.999988940948530969e-01
9.999847818350847684e-01
9.999936750781748263e-01
9.999890319363625713e-01
9.999774047976603963e-01
9.999954404683808473e-01
9.999939935776834821e-01
9.999945459309805829e-01
9.999888378634209651e-01
1.000008557162404443e+00
9.999998206615152707e-01
9.999853027824172624e-01
1.000000379238467296e+00
9.999981362026170162e-01
9.999853620014979017e-01
9.999964702795492988e-01
9.999827234940538156e-01
9.999915925513658266e-01
1.000002541954976509e+00
9.999886955387256027e-01
9.999820670949756130e-01
9.999925426505853476e-01
1.000006968000799024e+00
9.999901614430517505e-01
9.999696280533499904e-01
9.999893208145116397e-01
9.999920121544764173e-01
9.999916926372872661e-01
1.000008708011203451e+00
9.999802385225899926e-01
9.999835383014020751e-01
9.999890227328689374e-01
9.999766280957151920e-01
9.999729132387363828e-01
9.999861419184133959e-01
9.999942722693627717e-01
9.999897818941319017e-01
9.999901096583436733e-01
9.999780312415730288e-01
9.999799309025128036e-01
9.999846343493399292e-01
9.999876085932022374e-01
9.999829296094019382e-01
9.999852451357629235e-01
9.999826417468866691e-01
9.999898702308345211e-01
9.999777458839339550e-01
9.999890401396200890e-01
9.999893608706874604e-01
9.999932911365003729e-01
9.999925033611610781e-01
9.999863084349118747e-01
9.999804149221206417e-01
1.000014238000368927e+00
1.000020689375165084e+00
1.000017565559955912e+00
1.000018327347986569e+00
1.000009893132476790e+00
1.000015650340310813e+00
1.000011536602166462e+00
1.000017072628291093e+00
1.000000407293243576e+00
1.000007387160043226e+00
1.000006842007603147e+00
1.000011454501125829e+00
1.000002020025037464e+00
1.000003747814312671e+00
1.000013760830725351e+00
1.000006805267168675e+00
1.000005223336382087e+00
1.000013253207909569e+00
1.000006395286556105e+00
1.000010305206938677e+00
1.000014837265285728e+00
1.000012469608960952e+00
1.000018330693730695e+00
1.000007429575880069e+00
1.000004085953364763e+00
1.000004114264519961e+00
1.000018858160100388e+00
1.000012039625711946e+00
1.000012194689012146e+00
1.000009873759835966e+00
1.000007327071689156e+00
1.000013211212505304e+00
1.000010554927897477e+00
1.000009527936497333e+00
1.000008832306366058e+00
1.000012479005119026e+00
1.000010960574770014e+00
1.000002822057556306e+00
1.000014076781606365e+00
1.000006491086267824e+00
1.000003837847470267e+00
1.000018369139357821e+00
1.000007871184460662e+00
1.000011965571346195e+00
1.000004217189786049e+00
1.000012985200590121e+00
1.000009246967795917e+00
1.000011243956478113e+00
1.000002918055350687e+00
1.000009362674285862e+00
1.000012918545888141e+00
1.000004339718496560e+00
1.000007341038491981e+00
1.000009421380068764e+00
1.000012371141856704e+00
1.000014827702302878e+00
1.000014242764237338e+00
1.000004785386855000e+00
1.000001706182658046e+00
1.000004476191673985e+00
1.000007842607475217e+00
1.000011808127548418e+00
